function [ retrn ] = colororder()
% #################Note of the authors###########################
%
% Created by Dionysios Panagiotopoulos in the context of a HIWI for
% Christoph Winter. Last Version March 2017. 
% Contributors to the first version Christian Robl, Khalid Malik
%
% ################# Content of the file #########################
%
% Colormap for plotting the results and the plates/cavities
% The first 20 colors are unique and are then 4 times 
% to have a colormap existing out of 100 colors in total.

retrn = [0.00  0.00  1.00;	0.00  0.50  0.00;1.00  0.00  0.00;...
    0.00  0.75  0.75;0.75  0.00  0.75;0.25  0.25  0.25;...
    0.75  0.75  0.75;0.75  0.75  0.00;0.75  0.25  0.25;...
    0.95  0.95  0.00;0.25  0.25  0.75;0.00  1.00  0.00;...
    0.76  0.57  0.17;0.54  0.63  0.22;0.34  0.57  0.92;...
	1.00  0.10  0.60;0.88  0.75  0.73;0.10  0.49  0.47;...
	0.66  0.34  0.65;0.99  0.41  0.23;...
    0.00  0.00  1.00;	0.00  0.50  0.00;1.00  0.00  0.00;...
    0.00  0.75  0.75;0.75  0.00  0.75;0.25  0.25  0.25;...
    0.75  0.75  0.75;0.75  0.75  0.00;0.75  0.25  0.25;...
    0.95  0.95  0.00;0.25  0.25  0.75;0.00  1.00  0.00;...
    0.76  0.57  0.17;0.54  0.63  0.22;0.34  0.57  0.92;...
	1.00  0.10  0.60;0.88  0.75  0.73;0.10  0.49  0.47;...
	0.66  0.34  0.65;0.99  0.41  0.23;...
    0.00  0.00  1.00;	0.00  0.50  0.00;1.00  0.00  0.00;...
    0.00  0.75  0.75;0.75  0.00  0.75;0.25  0.25  0.25;...
    0.75  0.75  0.75;0.75  0.75  0.00;0.75  0.25  0.25;...
    0.95  0.95  0.00;0.25  0.25  0.75;0.00  1.00  0.00;...
    0.76  0.57  0.17;0.54  0.63  0.22;0.34  0.57  0.92;...
	1.00  0.10  0.60;0.88  0.75  0.73;0.10  0.49  0.47;...
	0.66  0.34  0.65;0.99  0.41  0.23;...
    0.00  0.00  1.00;	0.00  0.50  0.00;1.00  0.00  0.00;...
    0.00  0.75  0.75;0.75  0.00  0.75;0.25  0.25  0.25;...
    0.75  0.75  0.75;0.75  0.75  0.00;0.75  0.25  0.25;...
    0.95  0.95  0.00;0.25  0.25  0.75;0.00  1.00  0.00;...
    0.76  0.57  0.17;0.54  0.63  0.22;0.34  0.57  0.92;...
	1.00  0.10  0.60;0.88  0.75  0.73;0.10  0.49  0.47;...
	0.66  0.34  0.65;0.99  0.41  0.23;...
    0.00  0.00  1.00;	0.00  0.50  0.00;1.00  0.00  0.00;...
    0.00  0.75  0.75;0.75  0.00  0.75;0.25  0.25  0.25;...
    0.75  0.75  0.75;0.75  0.75  0.00;0.75  0.25  0.25;...
    0.95  0.95  0.00;0.25  0.25  0.75;0.00  1.00  0.00;...
    0.76  0.57  0.17;0.54  0.63  0.22;0.34  0.57  0.92;...
	1.00  0.10  0.60;0.88  0.75  0.73;0.10  0.49  0.47;...
	0.66  0.34  0.65;0.99  0.41  0.23];

end

